94,3
94,2
94,1
94,0
93,3
93,2
93,1
93,0
92,4
92,3
92,2
92,1
92,0
91,4
91,3
91,2
91,1
91,0
90,3
90,2
90,1
90,0
84,4
84,2
84,0
85,4
85,2
85,0
85,1
85,3
83,2
83,0
86,2
86,0
0,278
87,2
87,0
84,1
84,3
86,1
86,3
89,49
89,48
89,47
89,46
89,45
89,44
89,43
89,42
89,41
89,40
89,39
89,38
89,37
89,36
89,35
87,1
87,3
83,1
83,3
3,2
3,1
3,3
10,309
10,27
10,277
10,187
10,205
10,87
10,153
10,1
10,231
10,2
10,3
11,16
11,21
11,12
11,29
11,1
11,9
11,2
11,3
9,7
9,1
9,5
9,2
9,3
8,6
8,16
8,12
8,17
8,4
8,5
8,7
8,1
8,14
8,2
8,3
12,2
12,1
12,3
20,2
20,1
20,3
19,2
19,1
19,3
18,1
18,3
2,2
2,1
